84222832
84222848
84226560
84226576
84226592
84226608
84226624
33882818
33882160
84223249
84223250
84223265
84223266
84223281
84223282
84223296
84223313
84223314
84223328
84223345
84223346
84223347
84223376
33882160
84475920
84476016
84476000
84475968
33882160
84279360
84279328
84279376
33882160
84475920
84475936
84475984
33882160
84475920
84475936
84475968
33882160
84279360
84279376
33882160
84410384
84410400
33882160
84279360
84279360
84279312
33882160
84222976
84222992
84223008
84223024
84223040
84223056
84223072
84223088
84223104
84223120
33882160
84222800
84279328
84222784
33882160
33891154
33891202
33882770
33882786
84279360
84279328
84279520
33882160
84475920
84475936
84475952
84476000
33882160
84279360
84279328
84279392
33882160
84279360
33882160
17322098
17322114
17322130
17322146
17322162
17322178
17322194
17322210
17322226
17322242
17322258
17322274
17322290
17322306
17322322
17322338
17322354
17322370
17322386
17322402
17337570
17337586
17337602
17337618
17337634
17337650
17337666
17337682
17337698
17337714
84279360
84279328
84279440
84279504
33882160
84279360
84279392
33882160
84279328
33882160
84213904
84213920
33882160
33882400
84279360
84279328
84279488
33882160
84222832
84222848
84226560
84226576
84226592
84226608
84226624
33882819
33882160
33884418
33888402
33889138
33888850
33554448
33882160
84223393
84223394
84223395
84223409
84223410
84223411
84222832
84222848
84222864
84222880
84222896
84223249
84223250
84223265
84223266
84223281
84223282
84223296
84223313
84223314
84223328
84223345
84223346
84223347
84223360
33882160
84222976
84222992
84223008
84223024
84223040
84223056
84223072
84223088
84223104
84223120
84223136
84223184
84223200
84223216
84223232
33882160
84279328
84279344
33882160
17322099
17322115
17322131
17322147
17322163
17322179
17322195
17322211
17322227
17322243
17322259
17322275
17322291
17322307
17322323
17322339
17322355
17322371
17322387
17322403
17337571
17337587
17337603
17337619
17337635
17337651
17337667
17337683
17337699
17337715
33882160
33882384
33882400
84279360
84279424
33882160
84344848
84344880
84344864
33882160
33884419
33888403
33889139
33888851
33891155
33891203
33882771
33882787
